%YAML:1.0
---
R: !!opencv-matrix
   rows: 3
   cols: 3
   dt: d
   data: [ 9.9982566805671136e-01, 1.0222179684586705e-02,
       -1.5624997198303353e-02, -1.0430899569929417e-02,
       9.9985667059740602e-01, -1.3335463847666268e-02,
       1.5486440169161246e-02, 1.3496121826894960e-02,
       9.9978899017068634e-01 ]
T: !!opencv-matrix
   rows: 3
   cols: 1
   dt: d
   data: [ -9.9973627391473807e-02, 7.6448777581427036e-04,
       1.8074675676531801e-02 ]
R1: !!opencv-matrix
   rows: 3
   cols: 3
   dt: d
   data: [ 9.8117069832198356e-01, 1.3417837176238107e-04,
       -1.9314254515905060e-01, -1.5264658692741905e-03,
       9.9997391418722814e-01, -7.0598050273546860e-03,
       1.9313655960563572e-01, 7.2216993317966794e-03,
       9.8114530850555459e-01 ]
R2: !!opencv-matrix
   rows: 3
   cols: 3
   dt: d
   data: [ 9.8401887224985618e-01, -7.5246884466824392e-03,
       -1.7790513798061480e-01, 8.8060227069809236e-03,
       9.9994065671039112e-01, 6.4138149081314670e-03,
       1.7784631854555033e-01, -7.8779515974647142e-03,
       9.8402673991026424e-01 ]
P1: !!opencv-matrix
   rows: 3
   cols: 4
   dt: d
   data: [ 5.9191866333075575e+02, 0., 4.7244860267639160e+02, 0., 0.,
       5.9191866333075575e+02, 2.3879526901245117e+02, 0., 0., 0., 1.,
       0. ]
P2: !!opencv-matrix
   rows: 3
   cols: 4
   dt: d
   data: [ 5.9191866333075575e+02, 0., 4.7244860267639160e+02,
       -6.0137318056296913e+01, 0., 5.9191866333075575e+02,
       2.3879526901245117e+02, 0., 0., 0., 1., 0. ]
Q: !!opencv-matrix
   rows: 4
   cols: 4
   dt: d
   data: [ 1., 0., 0., -4.7244860267639160e+02, 0., 1., 0.,
       -2.3879526901245117e+02, 0., 0., 0., 5.9191866333075575e+02, 0.,
       0., 9.8427845215285004e+00, 0. ]
