%YAML:1.0
---
M1: !!opencv-matrix
   rows: 3
   cols: 3
   dt: d
   data: [ 6.7570134698035429e+02, 0., 3.1987276237913835e+02, 0.,
       6.7521572615880507e+02, 2.4070117660115062e+02, 0., 0., 1. ]
D1: !!opencv-matrix
   rows: 1
   cols: 14
   dt: d
   data: [ 7.1032923032331927e-02, -7.4039976234781790e-01, 0., 0., 0.,
       0., 0., -2.0005185317867240e+00, 0., 0., 0., 0., 0., 0. ]
M2: !!opencv-matrix
   rows: 3
   cols: 3
   dt: d
   data: [ 6.7570134698035429e+02, 0., 3.2065204076796351e+02, 0.,
       6.7521572615880507e+02, 2.3695086712492537e+02, 0., 0., 1. ]
D2: !!opencv-matrix
   rows: 1
   cols: 14
   dt: d
   data: [ -8.9131168818190692e-02, 2.0766761708223376e+00, 0., 0., 0.,
       0., 0., 5.2934091993968790e+00, 0., 0., 0., 0., 0., 0. ]
